J <- 8
y <-
c(28.0, 8.0, -3.0, 7.0, -1.0, 1.0, 18.0, 12.0)
sigma <-
c(15.0, 10.0, 16.0, 11.0, 9.0, 11.0, 10.0, 18.0)
